1
0
73
0	141.3	0	-0.7	-0	-0.4	-0	-0	-0	-0	-0	-0.1	-0.5	-0	-0	-0.2	-0	-0	-0	-0.1	-0	-0	-0	-0.1	-0.1	-0	-0	-0	-0	-0.1	-0.8	-0	-0	-0	-0	-0	-0	-0	-0.1	-0.1	-0	-0	-0	-0	-0.4	-0	-0	-0	-0.3	-0	-0	-0	-0.1	-0	-0	-0	-0.2	-0.1	-0	-0	-0.1	-0	-0	-0	-0	-0	-0	-0	-0	-0	-0	-0	-0	-0	-0	
1	0	0.7	0	-1.7	-0.4	-0.7	-0.7	-0.7	-0.7	-0.7	-0.7	-0.3	-0.8	-0.7	-0.4	-0.7	-0.7	-0.7	-0.7	-0.5	-0.7	-0.7	-0.6	-0.7	-0.7	-0.7	-0.7	-0.7	-0.7	-0.1	-0.7	-0.7	-0.7	-0.7	-0.7	-0.7	-0.7	-0.7	-0.7	-0.7	-0.7	-0.8	-0.7	-0.4	-0.7	-0.8	-0.8	-0.5	-0.7	-0.7	-0.7	-0.7	-0.7	-0.6	-0.7	-0.7	-0.7	-0.7	-0.7	-0.7	-0.7	-0.6	-0.7	-0.7	-0.7	-0.7	-0	-0	-0	-0	-0	-0	-0	-0	
2	42.8	0	1.7	0	-0.9	-2.9	-0	-0	-0	-0	-0	-0	-0	-0	-0	-2.6	-0	-0	-0.1	-2	-0	-0	-0	-0	-0	-0	-0	-0	-0	-0	-0	-0	-0	-0	-0	-0	-0	-0	-0	-0	-0	-0	-0	-0	-0	-0	-0	-0	-0	-0	-0	-0	-0	-0	-0	-1.8	-0	-0	-0	-0	-0	-0	-0	-0	-0	-0	-0	-0	-0	-0	-0	-0	-0	-0	
3	45.9	0.4	0.4	0.9	0	-0.4	-0.4	-0.4	-0.4	-0.4	-0.4	-0.1	-0.4	-0.4	-0.3	-0.4	-0.4	-0.4	-0.4	-0.2	-0.4	-0.4	-0.3	-0.4	-0.4	-0.4	-0.4	-0.4	-0.4	-0.4	-0.4	-0.2	-0.4	-0.4	-0.4	-0.4	-0.4	-0.4	-0.4	-0.4	-0.4	-0.4	-0.4	-0.1	-0.4	-0.4	-0.4	-0.2	-0.4	-0.4	-0.4	-0.3	-0.4	-0.3	-0.4	-0.4	-0.4	-0.4	-0.4	-0.4	-0.4	-0.2	-0.4	-0.4	-0.4	-0.4	-0	-0	-0	-0	-0	-0	-0	-0	
4	29.3	0	0.7	2.9	0.4	0	-0	-0	-0.2	-0	-0.1	-0.4	-0	-0.1	-0.2	-0	-0	-0	-0.2	-0	-0	-0	-0.1	-0	-0	-0	-0	-0.1	-0	-0.6	-0.1	-0	-0	-0	-0	-0	-0.1	-0.1	-0.1	-0	-0	-0	-0	-0.4	-0	-0	-0	-0.1	-0.2	-0	-0	-0.2	-0	-0	-0	-0	-0.1	-0	-0	-0.1	-0	-0.1	-0.1	-0	-0	-0.1	-0	-0	-0	-0	-0	-0	-0	-0	
5	19.6	0	0.7	0	0.4	0	0	-0	-0	-0	-0.1	-0.4	-0.1	-0	-0.2	-0	-0	-0	-0	-0	-0	-0	-0.1	-0	-0	-0	-0	-0	-0	-0.8	-0	-0.2	-0	-0	-0	-0	-0.1	-0.1	-0.1	-0	-0	-0	-0	-0.4	-0	-0	-0	-0.2	-0	-0	-0	-0.1	-0	-0	-0	-0	-0.1	-0	-0	-0.1	-0	-0.2	-0	-0	-0	-0	-0	-0	-0	-0	-0	-0	-0	-0	
6	23.2	0	0.7	0	0.4	0	0	0	-0	-0	-0.1	-0.4	-0	-0	-0.2	-0.3	-0	-0	-0	-0	-0	-0	-0.1	-0.1	-0	-0	-0	-0	-0	-0.8	-0	-0	-0	-0	-0	-0	-0	-0.1	-0.1	-0	-0	-0	-0	-0.3	-0	-0.1	-0	-0.2	-0	-0	-0	-0.1	-0	-0	-0	-0	-0.1	-0	-0	-0.1	-0	-0	-0	-0	-0	-0	-0	-0	-0	-0	-0	-0	-0	-0	
7	25.3	0	0.7	0	0.4	0.2	0	0	0	-0	-0.1	-0.4	-0	-0	-0.2	-0	-0	-0.2	-0	-0	-0	-0	-0.1	-0	-0	-0	-0	-0.1	-0	-0.8	-0.1	-0	-0	-0	-0	-0	-0.1	-0.1	-0.1	-0	-0	-0	-0	-0.4	-0	-0	-0	-0.2	-0	-0	-0	-0.1	-0	-0	-0	-0	-0.1	-0	-0	-0.1	-0	-0	-0	-0	-0	-0	-0	-0	-0	-0	-0	-0	-0	-0	
8	25.4	0	0.7	0	0.4	0	0	0	0	0	-0.1	-0.4	-0.1	-0	-0.2	-0	-0	-0	-0	-0	-0.1	-0	-0.1	-0	-0	-0	-0	-0	-0	-0.8	-0	-0	-0	-0	-0	-0	-0.1	-0.1	-0.1	-0	-0	-0	-0	-0.4	-0	-0	-0	-0.2	-0	-0	-0	-0.1	-0	-0	-0.2	-0	-0.1	-0	-0	-0.1	-0	-0.2	-0	-0	-0	-0	-0	-0	-0	-0	-0	-0	-0	-0	
9	32.5	0.1	0.7	0	0.4	0.1	0.1	0.1	0.1	0.1	0	-0.4	-0.1	-0.1	-0.1	-0.1	-0.1	-0.1	-0.1	-0.1	-0.2	-0.1	-0.1	-0.1	-0.1	-0.1	-0.1	-0.1	-0.1	-0.7	-0.1	-0.1	-0.1	-0.1	-0.1	-0.1	-0	-0.1	-0	-0.1	-0.1	-0.1	-0.1	-0.3	-0.1	-0.1	-0.1	-0.2	-0.1	-0.1	-0.1	-0.1	-0.1	-0.1	-0.1	-0.1	-0.1	-0.1	-0.1	-0	-0.1	-0.1	-0.1	-0.1	-0.1	-0.1	-0	-3.5	-0	-0	-0	-0	-0	-0	
10	44.5	0.5	0.3	0	0.1	0.4	0.4	0.4	0.4	0.4	0.4	0	-0.4	-0.4	-0.3	-0.4	-0.4	-0.4	-0.4	-0.4	-0.4	-0.4	-0.4	-0.4	-0.4	-0.4	-0.4	-0.4	-0.5	-0.4	-0.4	-0.4	-0.3	-0.4	-0.4	-0.4	-0.4	-0.4	-0.4	-0.4	-0.4	-0.5	-0.4	-0.1	-0.4	-0.5	-0.5	-0.3	-0.4	-0.5	-0.4	-0.4	-0.4	-0.4	-0.5	-0.4	-0.4	-0.4	-0.5	-0.4	-0.4	-0.4	-0.4	-0.4	-0.4	-0.4	-0	-0	-0	-0	-1.2	-0	-0	-0	
11	31.5	0	0.8	0	0.4	0	0.1	0	0	0.1	0.1	0.4	0	-0	-0.2	-0	-0.1	-0	-0.1	-0	-0	-0	-0.1	-0.1	-0.1	-0.1	-0	-0	-0.1	-0.8	-0	-0	-0.1	-0.1	-0.1	-0	-0.1	-0.1	-0.1	-0.1	-0	-0	-0.1	-0.3	-0	-0.1	-0	-0.3	-0	-0	-0	-0.1	-0	-0	-0	-0.2	-0.1	-0	-0.1	-0.1	-0.1	-0	-0.1	-0.1	-0.1	-0	-2.3	-0	-0	-0	-0	-0	-0	-0	
12	0	0	0.7	0	0.4	0.1	0	0	0	0	0.1	0.4	0	0	-0.2	-0	-0	-0	-0	-0.2	-0	-0	-0.1	-0	-0	-0	-0	-0.1	-0	-0.8	-0	-0	-0	-0	-0	-0	-0.1	-0.1	-0.3	-0	-0	-0	-0	-0.4	-0	-0	-0	-0.2	-0	-0	-0	-0.1	-0	-0	-0	-0	-0.1	-0	-0	-0.1	-0	-0	-0	-0	-0	-0	-0	-0	-0	-0	-0	-0	-0	-0	
13	28	0.2	0.4	0	0.3	0.2	0.2	0.2	0.2	0.2	0.1	0.3	0.2	0.2	0	-0.2	-0.2	-0.1	-0.2	-0.2	-0.4	-0.2	-0.1	-0.2	-0.2	-0.2	-0.2	-0.2	-0.2	-0.5	-0.2	-0.2	-0.2	-0.2	-0.2	-0.2	-0.1	-0.1	-0.1	-0.2	-0.2	-0.2	-0.2	-0.3	-0.2	-0.2	-0.2	-0.1	-0.4	-0.2	-0.4	-0.1	-0.2	-0.2	-0.2	-0.4	-0.1	-0.2	-0.2	-0.1	-0.2	-0.1	-0.2	-0.2	-0.2	-0.2	-0	-0	-0	-3.4	-0	-0	-0	-0	
14	45.6	0	0.7	2.6	0.4	0	0	0.3	0	0	0.1	0.4	0	0	0.2	0	-0	-0.2	-0	-0	-0	-0	-0.1	-0	-0	-0	-0.1	-0.1	-0	-0.8	-0	-0.2	-0	-0	-0	-0	-0.1	-0.1	-0.1	-0	-0.2	-0	-0	-0.4	-0.2	-0	-0	-0.2	-0	-0	-0	-0.1	-0	-0	-0.1	-0	-0.1	-0.2	-0	-0.1	-0	-0.1	-0.1	-0	-0	-0	-0	-0	-0	-0	-0	-0	-0	-0	
15	27.3	0	0.7	0	0.4	0	0	0	0	0	0.1	0.4	0.1	0	0.2	0	0	-0	-0	-0	-0	-0	-0.2	-0	-0	-0	-0	-0	-0	-0.8	-0	-0	-0.2	-0	-0	-0	-0	-0.1	-0.1	-0	-0	-0	-0	-0.4	-0	-0.1	-0	-0.2	-0	-0	-0	-0.1	-0	-0	-0	-0	-0.1	-0	-0	-0.1	-0	-0.1	-0	-0	-0	-0	-0	-0	-0	-0	-0	-0	-0	-0	
16	33.3	0	0.7	0	0.4	0	0	0	0.2	0	0.1	0.4	0	0	0.1	0.2	0	0	-0	-0	-0	-0.2	-0.1	-0	-0	-0	-0	-0	-0.2	-0.8	-0.2	-0.2	-0	-0	-0	-0	-0	-0.1	-0.1	-0	-0	-0	-0	-0.4	-0	-0.1	-0	-0.2	-0	-0	-0	-0.1	-0.2	-0	-0	-0	-0.1	-0	-0	-0.1	-0	-0.1	-0	-0	-0	-0	-0	-0	-0	-0	-3.1	-0	-0	-0	
17	26.5	0.1	0.7	0.1	0.4	0.2	0	0	0	0	0.1	0.4	0.1	0	0.2	0	0	0	0	-0	-0	-0	-0.1	-0	-0	-0	-0	-0.1	-0	-0.8	-0	-0.2	-0	-0	-0	-0	-0.1	-0.1	-0.1	-0	-0	-0.1	-0	-0.4	-0	-0.1	-0.1	-0.2	-0	-0	-0	-0.1	-0	-0	-0	-0	-0.1	-0	-0	-0.1	-0	-0.1	-0	-0	-0	-0	-0	-0	-0	-0	-0	-0	-0	-0	
18	15.8	0	0.5	2	0.2	0	0	0	0	0	0.1	0.4	0	0.2	0.2	0	0	0	0	0	-0	-0	-0.1	-0	-0	-0	-0	-0.1	-0.3	-0.8	-0.2	-0.2	-0	-0	-0	-0	-0.1	-0.1	-0.1	-0	-0	-0	-0	-0.4	-0	-0	-0	-0.2	-0	-0	-0	-0.1	-0	-0	-0	-0	-0.1	-0	-0	-0.1	-0	-0.1	-0	-0	-0	-0	-0	-0	-0	-0	-0	-0	-0	-0	
19	20.7	0	0.7	0	0.4	0	0	0	0	0.1	0.2	0.4	0	0	0.4	0	0	0	0	0	0	-0	-0.2	-0	-0	-0	-0	-0.2	-0	-0.8	-0	-0	-0	-0	-0	-0.2	-0.1	-0.2	-0.1	-0	-0	-0	-0.2	-0.4	-0	-0	-0	-0.2	-0	-0	-0	-0.1	-0	-0	-0	-0	-0.1	-0	-0	-0.2	-0	-0.3	-0.2	-0	-0	-0	-0	-0	-0	-0	-0	-2.9	-0	-0	
20	47.6	0	0.7	0	0.4	0	0	0	0	0	0.1	0.4	0	0	0.2	0	0	0.2	0	0	0	0	-0.1	-0	-0	-0	-0	-0.1	-0	-0.8	-0	-0	-0	-0	-0	-0	-0.1	-0.1	-0.1	-0	-0	-0	-0	-0.4	-0	-0	-0	-0.2	-0	-0	-0	-0.1	-0	-0	-0.2	-0	-0.1	-0	-0	-0.1	-0	-0.3	-0	-0	-0	-0	-0	-0	-0	-0	-0	-0	-0	-0	
21	41.9	0.1	0.6	0	0.3	0.1	0.1	0.1	0.1	0.1	0.1	0.4	0.1	0.1	0.1	0.1	0.2	0.1	0.1	0.1	0.2	0.1	0	-0.2	-0.1	-0.1	-0.2	-0.1	-0.1	-0.7	-0.1	-0.1	-0.1	-0.1	-0.1	-0.1	-0.1	-0.1	-0.1	-0.1	-0.1	-0.1	-0.1	-0.3	-0.1	-0.1	-0.1	-0.1	-0.1	-0.1	-0.1	-0.1	-0.1	-0.1	-0.1	-0.1	-0.1	-0.2	-0.1	-0.1	-0.2	-0.1	-0.1	-0.1	-0.1	-0.1	-3.6	-0	-0	-0	-0	-0	-0	-0	
22	20.7	0.1	0.7	0	0.4	0	0	0.1	0	0	0.1	0.4	0.1	0	0.2	0	0	0	0	0	0	0	0.2	0	-0	-0	-0	-0.1	-0	-0.8	-0	-0.2	-0	-0	-0	-0	-0.1	-0.1	-0.1	-0	-0	-0.1	-0	-0.4	-0.1	-0.1	-0.1	-0.2	-0	-0	-0	-0.1	-0	-0	-0	-0	-0.1	-0	-0	-0.1	-0	-0.1	-0	-0	-0	-0	-0	-0	-0	-0	-0.2	-0	-0	-0	
23	42.4	0	0.7	0	0.4	0	0	0	0	0	0.1	0.4	0.1	0	0.2	0	0	0	0	0	0	0	0.1	0	0	-0	-0	-0	-0	-0.8	-0	-0.2	-0	-0	-0	-0	-0.1	-0.1	-0.1	-0	-0	-0	-0	-0.4	-0	-0	-0	-0.2	-0	-0	-0	-0.1	-0	-0	-0	-0	-0	-0	-0	-0.1	-0	-0.2	-0	-0	-0	-0	-0	-0	-0	-0	-0	-0	-0	-0	
24	22	0	0.7	0	0.4	0	0	0	0	0	0.1	0.4	0.1	0	0.2	0	0	0	0	0	0	0	0.1	0	0	0	-0	-0	-0	-0.8	-0	-0.2	-0	-0	-0	-0	-0.1	-0.1	-0.1	-0	-0	-0	-0	-0.4	-0	-0	-0	-0.2	-0	-0	-0	-0.1	-0	-0	-0	-0	-0.1	-0	-0	-0.1	-0	-0.1	-0	-0	-0	-0	-0	-0	-0	-0	-0	-0	-0	-0	
25	45.1	0	0.7	0	0.4	0	0	0	0	0	0.1	0.4	0	0	0.2	0.1	0	0	0	0	0	0	0.2	0	0	0	0	-0	-0	-0.8	-0	-0	-0.2	-0	-0	-0	-0	-0.1	-0.1	-0	-0	-0	-0	-0.3	-0	-0.1	-0	-0.2	-0	-0	-0	-0.1	-0	-0	-0	-0	-0.1	-0	-0	-0.1	-0	-0.1	-0	-0	-0	-0	-0	-0	-0	-0	-0	-0	-0	-0	
26	30.1	0	0.7	0	0.4	0.1	0	0	0.1	0	0.1	0.4	0	0.1	0.2	0.1	0	0	0.1	0.1	0.2	0.1	0.1	0.1	0	0	0	0	-0	-0.8	-0.1	-0.1	-0.1	-0.1	-0.1	-0	-0	-0.1	-0.1	-0	-0	-0	-0	-0.4	-0	-0.1	-0	-0.2	-0.1	-0.1	-0.1	-0.1	-0.1	-0	-0.1	-0.1	-0.1	-0	-0.1	-0.1	-0	-0.1	-0.1	-0	-0	-0.1	-2.3	-0	-0	-0	-0	-0	-0	-0	
27	0	0.1	0.7	0	0.4	0	0	0	0	0	0.1	0.5	0.1	0	0.2	0	0	0.2	0	0.3	0	0	0.1	0	0	0	0	0	0	-0.8	-0	-0	-0	-0	-0	-0	-0.1	-0.1	-0.1	-0	-0	-0.1	-0	-0.4	-0	-0.1	-0.1	-0.2	-0	-0	-0	-0.1	-0	-0	-0	-0	-0	-0	-0	-0.1	-0	-0.2	-0	-0	-0	-0	-0	-0	-0	-0	-0	-0	-0.2	-0	
28	44.7	0.8	0.1	0	0.4	0.6	0.8	0.8	0.8	0.8	0.7	0.4	0.8	0.8	0.5	0.8	0.8	0.8	0.8	0.8	0.8	0.8	0.7	0.8	0.8	0.8	0.8	0.8	0.8	0	-0.8	-0.8	-0.8	-0.8	-0.8	-0.8	-0.7	-0.7	-0.7	-0.8	-0.8	-0.8	-0.8	-0.4	-0.8	-0.8	-0.8	-0.6	-0.8	-0.8	-0.8	-0.7	-0.8	-0.8	-0.8	-0.8	-0.8	-0.8	-0.8	-0.7	-0.8	-0.6	-0.8	-0.8	-0.8	-0.8	-0	-0	-0	-0	-0	-1.7	-0	-0	
29	42.3	0	0.7	0	0.4	0.1	0	0	0.1	0	0.1	0.4	0	0	0.2	0	0	0.2	0	0.2	0	0	0.1	0	0	0	0	0.1	0	0.8	0	-0	-0	-0	-0	-0	-0.1	-0.1	-0.1	-0	-0	-0	-0	-0.4	-0	-0	-0	-0.2	-0	-0.2	-0.2	-0.1	-0.2	-0.2	-0	-0	-0.1	-0	-0	-0.1	-0	-0.1	-0.2	-0	-0	-0.2	-0	-0	-0	-0	-0	-0	-2.5	-0	
30	22.2	0	0.7	0	0.2	0	0.2	0	0	0	0.1	0.4	0	0	0.2	0.2	0	0.2	0.2	0.2	0	0	0.1	0.2	0.2	0.2	0	0.1	0	0.8	0	0	-0	-0	-0	-0	-0.1	-0.1	-0.1	-0.2	-0	-0	-0	-0.3	-0	-0	-0	-0.1	-0	-0.2	-0	-0.1	-0	-0	-0.2	-0	-0.1	-0	-0.2	-0.1	-0	-0.3	-0.1	-0	-0.2	-0	-0	-0	-0	-6	-0	-0	-0	-0	
31	25.4	0	0.7	0	0.4	0	0	0	0	0	0.1	0.3	0.1	0	0.2	0	0.2	0	0	0	0	0	0.1	0	0	0	0.2	0.1	0	0.8	0	0	0	-0	-0	-0	-0.1	-0.1	-0.3	-0.1	-0	-0	-0	-0.2	-0	-0	-0	-0.2	-0	-0	-0	-0.1	-0	-0	-0	-0	-0.2	-0.1	-0	-0.1	-0.1	-0.2	-0.1	-0.2	-0	-0	-0	-0	-0	-2.5	-0	-0	-0	-0	
32	44.4	0	0.7	0	0.4	0	0	0	0	0	0.1	0.4	0.1	0	0.2	0	0	0	0	0	0	0	0.1	0	0	0	0	0.1	0	0.8	0	0	0	0	-0	-0	-0.1	-0.1	-0.3	-0	-0	-0	-0	-0.4	-0	-0	-0	-0.2	-0	-0	-0	-0.1	-0	-0	-0.2	-0	-0.1	-0	-0	-0.1	-0	-0.2	-0	-0	-0	-0	-0	-0	-0	-0	-0	-0	-0	-0	
33	28.5	0	0.7	0	0.4	0	0	0	0	0	0.1	0.4	0.1	0	0.2	0	0	0	0	0	0	0	0.1	0	0	0	0	0.1	0	0.8	0	0	0	0	0	-0	-0.1	-0.1	-0.1	-0	-0	-0	-0	-0.4	-0	-0	-0	-0.2	-0	-0	-0	-0.1	-0	-0	-0.3	-0	-0.1	-0	-0	-0.1	-0	-0.2	-0	-0	-0	-0	-0	-0	-0	-0	-0	-0	-0	-0	
34	44	0	0.7	0	0.4	0	0	0	0	0	0.1	0.4	0	0	0.2	0	0	0	0	0	0.2	0	0.1	0	0	0	0	0	0	0.8	0	0	0	0	0	0	-0.1	-0.1	-0.1	-0	-0	-0	-0	-0.3	-0	-0.1	-0	-0.2	-0	-0	-0	-0.1	-0	-0	-0.1	-0	-0.1	-0	-0	-0.1	-0	-0.1	-0	-0	-0	-0	-0	-0	-0	-0	-0	-0	-0	-0	
35	39.1	0	0.7	0	0.4	0.1	0.1	0	0.1	0.1	0	0.4	0.1	0.1	0.1	0.1	0	0	0.1	0.1	0.1	0.1	0.1	0.1	0.1	0.1	0	0	0.1	0.7	0.1	0.1	0.1	0.1	0.1	0.1	0	-0	-0.1	-0.1	-0	-0	-0.1	-0.4	-0	-0	-0	-0.2	-0.1	-0.1	-0.1	-0.1	-0.1	-0.1	-0.1	-0.1	-0.1	-0	-0.1	-0.1	-0	-0.1	-0.1	-0	-0.1	-0.1	-0	-0	-2.3	-0	-0	-0	-0	-0	
36	22.5	0.1	0.7	0	0.4	0.1	0.1	0.1	0.1	0.1	0.1	0.4	0.1	0.1	0.1	0.1	0.1	0.1	0.1	0.1	0.2	0.1	0.1	0.1	0.1	0.1	0.1	0.1	0.1	0.7	0.1	0.1	0.1	0.1	0.1	0.1	0	0	-0	-0.1	-0.1	-0.1	-0.1	-0.3	-0.1	-0.1	-0.1	-0.2	-0.1	-0.1	-0.1	-0.1	-0.1	-0.1	-0.1	-0.1	-0	-0.1	-0.1	-0	-0.1	-0.1	-0.1	-0.1	-0.1	-0.1	-3.5	-0	-0	-0	-0	-0	-0	-0	
37	28.8	0.1	0.7	0	0.4	0.1	0.1	0.1	0.1	0.1	0	0.4	0.1	0.3	0.1	0.1	0.1	0.1	0.1	0.1	0.1	0.1	0.1	0.1	0.1	0.1	0.1	0.1	0.1	0.7	0.1	0.1	0.3	0.3	0.1	0.1	0.1	0	0	-0.1	-0.1	-0.1	-0.1	-0.3	-0.1	-0.1	-0.1	-0.2	-0.1	-0.1	-0.1	-0.2	-0.1	-0.3	-0.1	-0.1	-0.1	-0.1	-0.1	-0	-0.1	-0.1	-0.3	-0.1	-0.1	-0.3	-0	-0	-0	-0	-6.3	-0	-0	-0	
38	32.2	0	0.7	0	0.4	0	0	0	0	0	0.1	0.4	0.1	0	0.2	0	0	0	0	0	0	0	0.1	0	0	0	0	0	0	0.8	0	0.2	0.1	0	0	0	0.1	0.1	0.1	0	-0	-0	-0	-0.4	-0	-0	-0	-0.2	-0	-0	-0	-0.1	-0	-0	-0	-0	-0.1	-0	-0	-0.1	-0	-0.1	-0	-0	-0	-0	-0	-0	-0	-0	-0	-0	-0	-0	
39	33.2	0	0.7	0	0.4	0	0	0	0	0	0.1	0.4	0	0	0.2	0.2	0	0	0	0	0	0	0.1	0	0	0	0	0	0	0.8	0	0	0	0	0	0	0	0.1	0.1	0	0	-0	-0	-0.4	-0	-0.1	-0	-0.2	-0	-0	-0	-0.1	-0	-0	-0	-0	-0.1	-0	-0	-0.1	-0	-0.2	-0	-0	-0	-0	-0	-0	-0	-0	-0	-0	-0	-0	
40	29.2	0	0.8	0	0.4	0	0	0	0	0	0.1	0.5	0	0	0.2	0	0	0	0.1	0	0	0	0.1	0.1	0	0	0	0	0.1	0.8	0	0	0	0	0	0	0	0.1	0.1	0	0	0	-0	-0.4	-0	-0.1	-0	-0.3	-0	-0	-0	-0.1	-0	-0	-0	-0.2	-0.1	-0	-0	-0.1	-0	-0.1	-0	-0	-0	-0	-0	-0	-0	-0	-0	-0	-0	-0	
41	0	0	0.7	0	0.4	0	0	0	0	0	0.1	0.4	0.1	0	0.2	0	0	0	0	0	0.2	0	0.1	0	0	0	0	0	0	0.8	0	0	0	0	0	0	0.1	0.1	0.1	0	0	0	0	-0.4	-0	-0	-0	-0.2	-0	-0	-0	-0.1	-0	-0	-0	-0	-0.1	-0	-0	-0.1	-0	-0.1	-0	-0	-0	-0	-0	-0	-0	-0	-0	-0	-0	-0	
42	18.2	0.4	0.4	0	0.1	0.4	0.4	0.3	0.4	0.4	0.3	0.1	0.3	0.4	0.3	0.4	0.4	0.4	0.4	0.4	0.4	0.4	0.3	0.4	0.4	0.4	0.3	0.4	0.4	0.4	0.4	0.3	0.2	0.4	0.4	0.3	0.4	0.3	0.3	0.4	0.4	0.4	0.4	0	-0.4	-0.4	-0.4	-0.2	-0.4	-0.3	-0.3	-0.3	-0.4	-0.3	-0.4	-0.4	-0.3	-0.4	-0.4	-0.3	-0.4	-0.3	-0.4	-0.4	-0.4	-0.4	-0	-1	-0	-0	-0	-0	-0	-0	
43	32.4	0	0.7	0	0.4	0	0	0	0	0	0.1	0.4	0	0	0.2	0.2	0	0	0	0	0	0	0.1	0.1	0	0	0	0	0	0.8	0	0	0	0	0	0	0	0.1	0.1	0	0	0	0	0.4	0	-0.1	-0	-0.2	-0	-0	-0	-0.1	-0	-0	-0	-0	-0.1	-0	-0	-0.1	-0	-0.1	-0	-0	-0	-0	-0	-0	-0	-0	-0	-0	-0	-0	
44	0	0	0.8	0	0.4	0	0	0.1	0	0	0.1	0.5	0.1	0	0.2	0	0.1	0.1	0.1	0	0	0	0.1	0.1	0	0	0.1	0.1	0.1	0.8	0	0	0	0	0	0.1	0	0.1	0.1	0	0.1	0.1	0	0.4	0.1	0	-0.1	-0.3	-0	-0	-0	-0.1	-0	-0	-0	-0.2	-0	-0.1	-0	-0.1	-0.1	-0.1	-0	-0.1	-0	-0	-0	-1.5	-0	-0	-0	-0	-0	-0	
45	0	0	0.8	0	0.4	0	0	0	0	0	0.1	0.5	0	0	0.2	0	0	0	0.1	0	0	0	0.1	0.1	0	0	0	0	0.1	0.8	0	0	0	0	0	0	0	0.1	0.1	0	0	0	0	0.4	0	0.1	0	-0.3	-0	-0	-0	-0.1	-0	-0	-0	-0.2	-0.1	-0	-0	-0.1	-0	-0	-0	-0	-0	-0	-0	-0	-0	-0	-0	-0	-0	-0	
46	0	0.3	0.5	0	0.2	0.1	0.2	0.2	0.2	0.2	0.2	0.3	0.3	0.2	0.1	0.2	0.2	0.2	0.2	0.2	0.2	0.2	0.1	0.2	0.2	0.2	0.2	0.2	0.2	0.6	0.2	0.1	0.2	0.2	0.2	0.2	0.2	0.2	0.2	0.2	0.2	0.3	0.2	0.2	0.2	0.3	0.3	0	-0.2	-0.2	-0.2	-0.2	-0.2	-0.2	-0.2	-0.2	-0.2	-0.2	-0.2	-0.2	-0.2	-0.1	-0.2	-0.2	-0.2	-0.2	-0	-0	-0	-0	-0	-0.5	-0	-0	
47	36.4	0	0.7	0	0.4	0.2	0	0	0	0	0.1	0.4	0	0	0.4	0	0	0	0	0	0	0	0.1	0	0	0	0	0.1	0	0.8	0	0	0	0	0	0	0.1	0.1	0.1	0	0	0	0	0.4	0	0	0	0.2	0	-0	-0	-0.1	-0	-0	-0	-0	-0.1	-0	-0	-0.1	-0	-0.1	-0	-0	-0	-0	-0	-0	-0	-0	-0	-0	-0	-0	
48	18	0	0.7	0	0.4	0	0	0	0	0	0.1	0.5	0	0	0.2	0	0	0	0	0	0	0	0.1	0	0	0	0	0.1	0	0.8	0.2	0.2	0	0	0	0	0.1	0.1	0.1	0	0	0	0	0.3	0	0	0	0.2	0	0	-0	-0.1	-0	-0	-0	-0	-0.1	-0	-0	-0.1	-0	-0	-0	-0	-0	-0	-0	-0	-0	-0	-0	-0	-0	-0	
49	15.7	0	0.7	0	0.4	0	0	0	0	0	0.1	0.4	0	0	0.4	0	0	0	0	0	0	0	0.1	0	0	0	0	0.1	0	0.8	0.2	0	0	0	0	0	0.1	0.1	0.1	0	0	0	0	0.3	0	0	0	0.2	0	0	0	-0.1	-0	-0	-0	-0	-0.1	-0	-0	-0.1	-0	-0	-0	-0	-0	-0	-0	-0	-0	-0	-0	-0	-0	-0	
50	23.7	0.1	0.7	0	0.3	0.2	0.1	0.1	0.1	0.1	0.1	0.4	0.1	0.1	0.1	0.1	0.1	0.1	0.1	0.1	0.1	0.1	0.1	0.1	0.1	0.1	0.1	0.1	0.1	0.7	0.1	0.1	0.1	0.1	0.1	0.1	0.1	0.1	0.2	0.1	0.1	0.1	0.1	0.3	0.1	0.1	0.1	0.2	0.1	0.1	0.1	0	-0.1	-0.1	-0.1	-0.1	-0.1	-0.1	-0.1	-0.1	-0.1	-0.1	-0.1	-0.1	-0.1	-0.1	-0	-0	-0	-0.2	-0	-0	-0	-0	
51	35.9	0	0.7	0	0.4	0	0	0	0	0	0.1	0.4	0	0	0.2	0	0	0.2	0	0	0	0	0.1	0	0	0	0	0.1	0	0.8	0.2	0	0	0	0	0	0.1	0.1	0.1	0	0	0	0	0.4	0	0	0	0.2	0	0	0	0.1	0	-0	-0	-0	-0.1	-0	-0	-0.1	-0	-0	-0	-0	-0	-0	-0	-0	-0	-0	-0	-0	-0	-0	
52	23.8	0	0.6	0	0.3	0	0	0	0	0	0.1	0.4	0	0	0.2	0	0	0	0	0	0	0	0.1	0	0	0	0	0	0	0.8	0.2	0	0	0	0	0	0.1	0.1	0.3	0	0	0	0	0.3	0	0	0	0.2	0	0	0	0.1	0	0	-0	-0	-0.1	-0	-0	-0.1	-0	-0	-0	-0	-0	-0	-0	-0	-0	-0	-0	-0	-0	-0	
53	17.2	0	0.7	0	0.4	0	0	0	0	0.2	0.1	0.5	0	0	0.2	0.1	0	0	0	0	0	0.2	0.1	0	0	0	0	0.1	0	0.8	0	0.2	0	0.2	0.3	0.1	0.1	0.1	0.1	0	0	0	0	0.4	0	0	0	0.2	0	0	0	0.1	0	0	0	-0.1	-0.1	-0	-0.2	-0.1	-0	-0.3	-0.1	-0	-0	-0	-0	-0	-0	-0	-0	-2.2	-0	-0	
54	19.7	0.2	0.7	1.8	0.4	0	0	0	0	0	0.1	0.4	0.2	0	0.4	0	0	0	0	0	0	0	0.1	0	0	0	0	0.1	0	0.8	0	0	0	0	0	0	0.1	0.1	0.1	0	0	0.2	0	0.4	0	0.2	0.2	0.2	0	0	0	0.1	0	0	0.1	0	-0.1	-0	-0	-0.1	-0	-0.1	-0	-0	-0	-0	-0	-0	-0	-0	-0	-0	-0	-0	
55	34.6	0.1	0.7	0	0.4	0.1	0.1	0.1	0.1	0.1	0.1	0.4	0.1	0.1	0.1	0.1	0.1	0.1	0.1	0.1	0.1	0.1	0.1	0.1	0	0.1	0.1	0.1	0	0.8	0.1	0.1	0.2	0.1	0.1	0.1	0.1	0	0.1	0.1	0.1	0.1	0.1	0.3	0.1	0	0.1	0.2	0.1	0.1	0.1	0.1	0.1	0.1	0.1	0.1	0	-0.1	-0.1	-0.1	-0.1	-0.1	-0.1	-0.1	-0.1	-0.1	-0	-0	-0	-0	-3.1	-0	-0	-0	
56	42.8	0	0.7	0	0.4	0	0	0	0	0	0.1	0.4	0	0	0.2	0.2	0	0	0	0	0	0	0.2	0	0	0	0	0	0	0.8	0	0	0.1	0	0	0	0	0.1	0.1	0	0	0	0	0.4	0	0.1	0	0.2	0	0	0	0.1	0	0	0	0	0.1	0	-0	-0.1	-0	-0.2	-0	-0	-0	-0	-0	-0	-0	-0	-0	-0	-0	-0	
57	27.9	0	0.7	0	0.4	0	0	0	0	0	0.1	0.5	0.1	0	0.2	0	0	0	0	0	0	0	0.1	0	0	0	0	0.1	0	0.8	0	0.2	0	0	0	0	0.1	0.1	0.1	0	0	0	0	0.4	0	0	0	0.2	0	0	0	0.1	0	0	0.2	0	0.1	0	0	-0.1	-0	-0.2	-0	-0	-0	-0	-0	-0	-0	-0	-0	-0	-0	-0	
58	42.6	0.1	0.7	0	0.4	0.1	0.1	0.1	0.1	0.1	0	0.4	0.1	0.1	0.1	0.1	0.1	0.1	0.1	0.1	0.2	0.1	0.1	0.1	0.1	0.1	0.1	0.1	0.1	0.7	0.1	0.1	0.1	0.1	0.1	0.1	0.1	0	0	0.1	0.1	0.1	0.1	0.3	0.1	0.1	0.1	0.2	0.1	0.1	0.1	0.1	0.1	0.1	0.1	0.1	0.1	0.1	0.1	0	-0.1	-0.1	-0.1	-0.1	-0.1	-0.1	-0	-3.5	-0	-0	-0	-0	-0	-0	
59	37.5	0	0.7	0	0.4	0	0	0	0	0	0.1	0.4	0.1	0	0.2	0	0	0	0	0	0	0	0.2	0	0	0	0	0	0	0.8	0	0	0.1	0	0	0	0	0.1	0.1	0	0	0	0	0.4	0	0.1	0	0.2	0	0	0	0.1	0	0	0	0	0.1	0	0	0.1	0	-0.3	-0	-0	-0	-0	-0	-0	-0	-0	-0	-0	-0	-0	
60	24.4	0	0.6	0	0.2	0.1	0.2	0	0	0.2	0.1	0.4	0	0	0.1	0.1	0.1	0.1	0.1	0.1	0.3	0.3	0.1	0.1	0.2	0.1	0.1	0.1	0.2	0.6	0.1	0.3	0.2	0.2	0.2	0.1	0.1	0.1	0.1	0.1	0.2	0.1	0.1	0.3	0.1	0.1	0	0.1	0.1	0	0	0.1	0	0	0.3	0.1	0.1	0.2	0.2	0.1	0.3	0	-0.1	-0.1	-0.2	-0	-0	-0	-1.2	-0	-0	-0	-0	-0	
61	0	0	0.7	0	0.4	0.1	0	0	0	0	0.1	0.4	0.1	0	0.2	0.1	0	0	0	0	0.2	0	0.1	0	0	0	0	0.1	0	0.8	0.2	0.1	0.1	0	0	0	0.1	0.1	0.3	0	0	0	0	0.4	0	0	0	0.2	0	0	0	0.1	0	0	0.1	0	0.1	0	0	0.1	0	0.1	0	-0	-0	-0	-0	-0	-0	-0	-0	-0	-1.7	-0	
62	34.8	0	0.7	0	0.4	0	0	0	0	0	0.1	0.4	0.1	0	0.2	0	0	0	0	0	0	0	0.1	0	0	0	0	0	0	0.8	0	0	0.2	0	0	0	0	0.1	0.1	0	0	0	0	0.4	0	0.1	0	0.2	0	0	0	0.1	0	0	0	0	0.1	0	0	0.1	0	0.1	0	0	-0	-0	-0	-0	-0	-0	-0	-0	-0	-0	
63	35	0	0.7	0	0.4	0	0	0	0	0	0.1	0.4	0.1	0	0.2	0	0	0	0	0	0	0	0.1	0	0	0	0	0	0	0.8	0	0.2	0	0	0	0	0.1	0.1	0.1	0	0	0	0	0.4	0	0	0	0.2	0	0	0	0.1	0	0	0	0	0.1	0	0	0.1	0	0.2	0	0	0	-0	-0	-0	-0	-0	-0	-0	-0	-0	
64	18.4	0	0.7	0	0.4	0.1	0	0	0	0	0.1	0.4	0	0	0.2	0	0	0	0	0	0	0	0.1	0	0	0	0	0.1	0	0.8	0.2	0	0	0	0	0	0.1	0.1	0.3	0	0	0	0	0.4	0	0	0	0.2	0	0	0	0.1	0	0	0	0	0.1	0	0	0.1	0	0	0	0	0	0	-0	-0	-0	-0	-0	-0	-0	-0	
65	26	0	0	0	0	0	0	0	0	0	0	0	2.3	0	0	0	0	0	0	0	0	0	3.6	0	0	0	0	2.3	0	0	0	0	0	0	0	0	0	3.5	0	0	0	0	0	0	0	0	0	0	0	0	0	0	0	0	0	0	0	0	0	0	0	0	0	0	0	0	0	-0	-0	-0	-0	-0	-0	-0	
66	0	0	0	0	0	0	0	0	0	0	3.5	0	0	0	0	0	0	0	0	0	0	0	0	0	0	0	0	0	0	0	0	0	0	0	0	0	0	0	0	0	0	0	0	1	0	1.5	0	0	0	0	0	0	0	0	0	0	0	0	0	3.5	0	0	0	0	0	0	0	0	-0	-0	-0	-0	-0	-0	
67	0	0	0	0	0	0	0	0	0	0	0	0	0	0	0	0	0	0	0	0	0	0	0	0	0	0	0	0	0	0	0	0	0	0	0	0	2.3	0	0	0	0	0	0	0	0	0	0	0	0	0	0	0	0	0	0	0	0	0	0	0	0	1.2	0	0	0	0	0	0	0	-0	-0	-0	-0	-0	
68	0	0	0	0	0	0	0	0	0	0	0	0	0	0	3.4	0	0	0	0	0	0	0	0	0	0	0	0	0	0	0	0	6	2.5	0	0	0	0	0	0	0	0	0	0	0	0	0	0	0	0	0	0	0.2	0	0	0	0	0	0	0	0	0	0	0	0	0	0	0	0	0	0	-0	-0	-0	-0	
69	27.5	0	0	0	0	0	0	0	0	0	0	1.2	0	0	0	0	0	3.1	0	0	0	0	0	0.2	0	0	0	0	0	0	0	0	0	0	0	0	0	0	6.3	0	0	0	0	0	0	0	0	0	0	0	0	0	0	0	0	0	3.1	0	0	0	0	0	0	0	0	0	0	0	0	0	0	-0	-0	-0	
70	0	0	0	0	0	0	0	0	0	0	0	0	0	0	0	0	0	0	0	0	2.9	0	0	0	0	0	0	0	0	1.7	0	0	0	0	0	0	0	0	0	0	0	0	0	0	0	0	0	0.5	0	0	0	0	0	0	2.2	0	0	0	0	0	0	0	0	0	0	0	0	0	0	0	0	0	-0	-0	
71	39.3	0	0	0	0	0	0	0	0	0	0	0	0	0	0	0	0	0	0	0	0	0	0	0	0	0	0	0	0.2	0	2.5	0	0	0	0	0	0	0	0	0	0	0	0	0	0	0	0	0	0	0	0	0	0	0	0	0	0	0	0	0	0	0	1.7	0	0	0	0	0	0	0	0	0	0	-4	
72	46.6	0	0	0	0	0	0	0	0	0	0	0	0	0	0	0	0	0	0	0	0	0	0	0	0	0	0	0	0	0	0	0	0	0	0	0	0	0	0	0	0	0	0	0	0	0	0	0	0	0	0	0	0	0	0	0	0	0	0	0	0	0	0	0	0	0	0	0	0	0	0	0	4	0	
